------------------------------------------------------------------------------------------------------------------------------------------------------
1163751742227486285333859739644496108410755510711951186
1381373672249248478335103595894461146106910557125711710116
213651132832476224394358733541054698446511657109557612
3694931569471514267158161537816917164891710181759101
7463417111857452822296856393331079674104441181078511555
1319128137242123924835313410359464145114610575156125711
13599124212461123532357113464346811457545791156865
312542163942365327415347643851645875496175698651071
12931385212314249632341535107434516461185456175712965
23119445813422155692453316671035644177811467551889125
11637517422274862853338517316444161841755517115186
13813736722412484783351351581446146161155715717116
21365113283247622431435873354154618446516571155761
36141315614715142671581615378161171648117118175111
74634171118574528222168563133317167414441817851555
13111281372421231248353134135146414514615751561571
13511124212461123532357113464346811457545711156865
31254216314236532741534764385164587541617561865171
12131385212314241632341535174345164618545617571165
23111445813422155612453316671356441778146755188115
22748628533385973964449618417555171951866618116197
24924847833513595894461461691557157171166816818117
32476224394358733541546984465165719557617681166871
47151426715826253782692726489271282759128129286112
85745282229685639333179674144418178515551918961666
24212392483532341359464245146157525615716862671681
24611235323572234643468224575457922568656812267976
42365327415347643852645875496275698651728671976182
23142496323425351743452646185456275719656728681176
34221556924533266713564427781467552889157866299116
22748628533385973964449628427555272952866628226297
24924847833523595894462462692557257272266826828227
32476224394358733542546984465265729557627682266872
47252426725826253782692726489272282759228229286222
85745282229685639333279674244428278525552928962666
24222392483532342359464245246257525625726862672682
24622235323572234643468224575457922568656822267976
42365327425347643852645875496275698652728672976282
23242496323425352743452646285456275729656728682276
34222556924533266723564427782467552889257866299226
3385973964449610841075551071951866618110619777191171108
351035958944614610691055715717101668168181177917919118
43587335410546984465165710955761768110668718791177981
581615378169373648937103837591038139386101391310397113
9685639333107967410444181078515551918961666110191071777
3531341035946434514610575356157168636716817973781791
3571134643468334575457933568656810336797679133781087
53476438516458754963756986510738671097618397811087193
3415351074345364618545637571965673868110767839791187
453316671035644377814675538891578663991016897731010117
3385973964449610841075551073953866638310639777393373108
351035958944634610691055735737103668368383377937939338
43587335410546984465365710955763768310668738793377983
583635378369373648937103837591038339386103393310397333
9685639333107967410444381078535553938963666310391073777
3533341035946434534610575356357368636736837973783793
3573334643468334575457933568656810336797679333781087
53476438536458754963756986510738671097638397831087393
3435351074345364638545637573965673868310767839793387
453336671035644377834675538893578663991036897731010337
44961084107555107195186661831063977739317310888310338319
46146106910557357171016683683813779379393388103810310339
546984465165710955763768110668738793177983981033881093
69373648937104847591048149486101493410497134103414108334
10796741044418107851555391896366631039107377731310183888
46434514610575456357168646736837974783793810848938103
46833457545794456865681044679767914478108781034489198
6458754963756986510748671097618497811087394108931983104
45364618545647573965674868310767849793187894108103398
564437781467554889357866499103689774101013791088411338
44961084107555107195186661841064977749417410888410448419
46146106910557457171016684684814779479494488104810410449
546984465165710955764768110668748794177984981044881094
69474648947104847591048149486101494410497144104414108444
10796741044418107851555491896466641049107477741410184888
46444514610575456457168646746847974784794810848948104
46844457545794456865681044679767914478108781044489198
6458754964756986510748671097618497811087494108941984104
45464618545647574965674868410767849794187894108104498
564447781467554889457866499104689774101014791088411448
4496108410755510711951186661181106197771911171108881101181119
461146106910557157117101166816818111779179191188101810110119
546984465116571095576176811106687187911177981981011881091
691716489171048475910481149486101149141049711141014114108114
1079674104441181078511555191189616661101910717771111101181888
4641451146105754561571168646716817974781791810848918101
4681145754579445686568104467976791144781087810144891198
6458754961756986510748671097611849781110871941089111981104
4516461185456475719656748681107678497911187894108101198
5644177811467554889157866499101689774101011179108841111118
4496108410755510711951186661184106497774941174108884104484119
461146106910557457117101166846848114779479494488104810410449
546984465116571095576476811106687487941177984981044881094
694746489471048475910481149486101149441049711441044114108444
1079674104441181078511555491189646664104910747774114101184888
4644451146105754564571168646746847974784794810848948104
4684445754579445686568104467976791144781087810444891198
6458754964756986510748671097611849781110874941089411984104
4546461185456475749656748684107678497941187894108104498
5644477811467554889457866499104689774101011479108841111448
5510711951186661181106197771941174108884104184119994114494110
5715711710116684681811177947949148810481041044991149114114410
657109557617681110668748791117798498104188109410911449911104
71048475910481159586101159151059711151045115108145114515119445
118107851155519118961666410191074777411410118488841411194999
57545615711686567468179757847948108589481049119591049114
5794456865681055679767911557810878101558911989114559101109
75698651074867109761185978111087195108911198410511910411094115
5647571965675868410767859794118789510810419891051191144109
67554889157866599104689775101011479108851111148101199511449
5510711951186661181106197771951175108885105185119995115595110
5715711710116685681811177957959158810581051055991159115115510
657109557617681110668758791117798598105188109510911559911105
71058575910581159586101159151059711151055115108155115515119555
118107851155519118961666510191075777511510118588851511195999
57555615711686567568179757857958108589581059119591059115
5795556865681055679767911557810878101558911989115559101109
75698651075867109761185978111087195108911198510511910511095115
5657571965675868510767859795118789510810519891051191155109
67555889157866599105689775101011579108851111158101199511559
66118110619777191117110888110418411999411419411010104144104111
6816818111779479191188104810410149911491141144101014101414411
7681110668718791117798498101188109410911419911104111014410101114
8114948610114916106971116101611610811611461611914614616110446
1911896166611019107177741111011848884141119499941411104101010
686467168179767847918108689481049119691049114101106101141014
681044679767911667810878101668911989111669101109101466101111110
86710976118497811108719610891119811061191011109411611011411110416
674868110767869794118789610810419891061191141109101161101441110
786649910168977610101147910886111114810119961114911110106114410
66118110619777191117110888110618611999611619611010106166106111
6816818111779679191188106810610169911691161166101016101616611
7681110668718791117798698101188109610911619911106111016610101116
8116968610116916106971116101611610811611661611916616616110666
1911896166611019107177761111011868886161119699961611106101010
686667168179767867918108689681069119691069116101106101161016
681066679767911667810878101668911989111669101109101666101111110
86710976118697811108719610891119811061191011109611611011611110616
676868110767869796118789610810619891061191161109101161101661110
786669910168977610101167910886111116810119961116911110106116610
771911171108881104184119994116196110101061641061111111616611641
79479191188106810410149911691161146101016101616611111611161661
87911177984981011881096109114199111061110164101011161111661111116
91610697111610171171081171147171191471671711046716747111667
1101910717774111101184888614111969996161110610101064614116111111
7976784791810878968104911979106911610110710116101611111711161116
79116678108781017789119891117791011091014771011111101116771114111
97811108719610891119811071191011109411711011411110617111164111617
78697941187897108106198910711911611091011711016411101117111166111
89776101011479108871111168101199711169111101071146101111117446611
771911171108881104184119994117197110101071741071111111717711741
79479191188107810410149911791171147101017101717711111711171771
87911177984981011881097109114199111071110174101011171111771111117
91710797111710171171081171147171191471771711047717747111777
1101910717774111101184888714111979997171110710101074714117111111
7977784791810878978104911979107911710110710117101711111711171117
79117778108781017789119891117791011091014771011111101117771114111
97811108719710891119811071191011109411711011411110717111174111717
78797941187897108107198910711911711091011711017411101117111177111
89777101011479108871111178101199711179111101071147101111117447711
